CONV NORM
# gaussian FWHM = 3.68
  0.0015  0.0043  0.0082  0.0102  0.0082  0.0043  0.0015
  0.0043  0.0127  0.0243  0.0301  0.0243  0.0127  0.0043
  0.0082  0.0243  0.0464  0.0576  0.0464  0.0243  0.0082
  0.0102  0.0301  0.0576  0.0714  0.0576  0.0301  0.0102
  0.0082  0.0243  0.0464  0.0576  0.0464  0.0243  0.0082
  0.0043  0.0127  0.0243  0.0301  0.0243  0.0127  0.0043
  0.0015  0.0043  0.0082  0.0102  0.0082  0.0043  0.0015
